# Histogramme sur 245 niveaux d'intensité
# Intensite / Compte
0 0
1 0
2 0
3 0
4 0
5 1
6 3
7 12
8 26
9 36
10 82
11 0
12 116
13 155
14 205
15 262
16 341
17 463
18 0
19 561
20 675
21 831
22 1017
23 1114
24 1391
25 0
26 1559
27 1723
28 1785
29 2015
30 1994
31 2050
32 0
33 2074
34 2141
35 2014
36 2021
37 1855
38 1779
39 0
40 1717
41 1635
42 1531
43 1367
44 1242
45 1282
46 0
47 1063
48 980
49 943
50 953
51 851
52 856
53 0
54 765
55 808
56 783
57 791
58 874
59 800
60 0
61 772
62 858
63 909
64 903
65 841
66 912
67 0
68 938
69 954
70 903
71 902
72 894
73 934
74 0
75 930
76 983
77 1065
78 991
79 1126
80 1130
81 0
82 1152
83 1178
84 1281
85 1349
86 1460
87 1586
88 0
89 1759
90 1800
91 2031
92 1943
93 1943
94 1966
95 0
96 1864
97 1860
98 1686
99 1708
100 1533
101 1458
102 0
103 1417
104 1363
105 1385
106 1282
107 1400
108 1431
109 0
110 1345
111 1386
112 1403
113 1532
114 1565
115 1550
116 0
117 1641
118 1836
119 1891
120 1944
121 2124
122 2205
123 0
124 2340
125 2338
126 2417
127 2430
128 2304
129 2230
130 0
131 2194
132 1979
133 1980
134 1877
135 1886
136 1975
137 0
138 2112
139 2218
140 2251
141 2279
142 2440
143 2443
144 0
145 2429
146 2338
147 2269
148 2269
149 2239
150 2257
151 0
152 2281
153 2300
154 2538
155 2652
156 2787
157 2674
158 0
159 2667
160 2506
161 2246
162 2179
163 1977
164 1777
165 0
166 1688
167 1533
168 1478
169 1363
170 1267
171 1261
172 0
173 1220
174 1175
175 1178
176 1309
177 1256
178 1307
179 0
180 1168
181 1198
182 1195
183 1124
184 1027
185 922
186 0
187 888
188 779
189 725
190 662
191 615
192 619
193 0
194 675
195 664
196 641
197 678
198 793
199 769
200 0
201 928
202 924
203 951
204 952
205 905
206 896
207 0
208 810
209 841
210 877
211 884
212 863
213 887
214 0
215 922
216 1022
217 991
218 1079
219 1058
220 1016
221 0
222 976
223 910
224 967
225 755
226 608
227 530
228 0
229 441
230 378
231 317
232 268
233 243
234 204
235 0
236 179
237 164
238 104
239 80
240 66
241 45
242 0
243 39
244 21
245 43
